7316717653133
6249192251196744265747423553491949349698352
6326239578318
18694788518438586156
7891129494954595
17379583319528532
698747158523863
435576689664895
4452445231617318564
987111217223831136222989342338
81353362766142828
64444866452387493
1724271218839987979
9377665727333
594752243525849
632441572215539753697817977846174
86256932197846862248283972241375657
79729686524145351
6585412275886668811642717147992444292823
863465674813919123162824586178664583591245665294765456828489128831426
96245544436298123
9878799272442849
979191338754992
559357297257163626956188267
